0 0 2 0 2
6 1 2 2 3
6 2 2 2 3
6 3 2 3 3
6 3 2 4 3
6 4 2 4 3
6 4 3 4 3
6 10 3 10 3
6 10 2 11 3
6 10 2 11 3
6 10 1 10 1
6 17 2 17 3
6 17 2 17 3
8 2 3 2 3
8 14 3 14 3
22 14 3 14 3
5 2 2 3 3
5 14 3 14 3
5 14 2 14 3
5 17 0 18 2
5 17 3 18 3
5 18 3 18 3
4 0 3 4 3
4 4 3 8 3
4 9 3 11 3
4 12 3 12 3
4 13 3 17 3
4 17 3 22 3
4 11 1 11 1
4 11 1 13 1
4 16 3 16 5
4 16 4 17 5
4 18 4 18 4
4 18 3 18 4
7 1 2 1 2
7 1 2 1 2
7 1 2 1 2
7 1 2 2 2
7 3 2 3 2
7 5 3 5 3
7 5 2 5 2
7 11 2 11 3
1 15 2 15 3
1 15 2 16 3
1 16 2 16 3
1 16 2 16 3
1 16 2 16 3
1 16 3 16 3
1 16 3 16 3
1 16 3 16 3
1 15 3 15 3
1 15 3 15 3
1 15 3 15 3
1 15 3 16 3
1 16 3 16 3
1 16 3 16 3
1 16 3 16 3
1 15 3 15 3
1 15 3 15 3
1 15 3 16 3
1 16 3 16 3
1 16 3 16 3
1 16 3 16 3
11 11 2 12 2
11 12 2 12 2
11 12 3 12 3
11 12 3 12 3
11 12 3 12 3
11 12 3 12 3
11 12 3 12 3
11 12 2 12 3
11 13 3 13 3
11 13 3 13 3
11 13 3 13 3
11 13 3 13 3
11 13 3 13 3
11 13 2 13 3
11 17 2 18 3
11 18 2 18 3
11 17 2 18 2
11 18 2 18 2
11 17 4 17 4
11 17 4 17 4
11 17 4 18 4
11 18 4 18 4
11 18 4 18 4
2 2 3 2 3
2 3 3 3 3
2 6 2 6 3
2 6 2 7 3
2 7 2 7 3
9 4 2 4 3
3 4 2 4 3
9 16 2 16 3
3 11 3 11 3
3 10 2 10 2
3 11 2 11 2
3 11 2 11 2
50 18 0 18 0
50 18 4 18 4
21 17 4 17 4
21 17 4 17 4
21 17 4 17 4
21 17 4 17 4
21 17 4 17 4
21 17 4 17 4
21 17 4 17 4
21 17 4 17 4
21 17 4 17 4
21 17 3 17 4
21 17 3 17 4
21 17 4 17 4
24 21 2 21 2
