0 0 0 0 1
4 0 2 1 3
4 15 2 16 3
4 15 3 16 3
4 16 3 20 3
5 15 2 15 3
5 17 3 17 3
50 15 2 15 2
1 1 2 1 2
1 1 2 2 2
1 2 2 2 2
1 2 2 2 2
1 3 2 3 2
1 3 2 3 2
1 3 2 3 2
1 3 2 3 2
1 3 2 3 2
1 4 2 4 2
1 4 2 5 2
25 5 2 5 2
1 5 2 5 2
1 5 2 5 3
1 5 2 5 3
1 5 2 6 2
1 5 2 6 2
1 5 2 6 3
1 6 2 6 3
1 6 2 6 3
1 6 2 6 3
1 6 2 6 2
1 6 2 6 2
1 6 2 6 3
1 6 3 6 3
1 6 3 7 3
1 7 3 7 3
1 7 2 7 2
1 7 2 7 2
7 7 2 7 2
1 7 3 7 3
1 7 3 7 3
1 7 3 8 3
1 8 3 8 3
25 8 2 8 2
1 8 2 8 2
1 8 2 8 2
1 8 2 8 2
1 8 2 8 2
1 9 3 9 3
1 9 3 9 3
1 9 3 9 3
1 9 3 9 3
1 9 3 9 3
1 9 2 9 2
1 9 2 9 2
1 9 2 9 2
7 9 2 9 2
1 10 2 10 3
1 10 2 10 3
1 11 2 11 2
1 11 2 11 2
1 11 2 11 2
25 12 2 12 2
1 12 2 12 2
1 12 2 12 3
1 12 3 12 3
1 12 3 12 3
1 12 3 12 3
1 12 3 12 3
1 12 3 12 3
1 13 2 13 2
1 13 2 13 2
1 13 2 13 2
1 14 2 14 3
1 14 2 14 3
1 14 2 14 3
23 3 2 3 2
23 4 2 4 2
23 4 2 5 2
23 4 3 5 3
23 6 2 6 2
23 8 3 9 3
23 9 2 9 2
23 10 2 11 2
23 11 2 11 2
23 12 2 12 2
23 13 3 14 3
23 13 2 14 2
23 14 3 14 3
9 8 2 8 2
9 15 2 15 2
26 14 2 14 2
21 2 2 2 2
21 2 2 2 2
21 2 2 3 2
21 3 2 3 2
21 3 2 3 2
21 3 2 3 2
21 6 2 6 2
21 6 2 6 2
21 6 2 6 2
21 6 2 6 2
21 6 2 6 2
21 6 2 7 2
21 10 2 10 2
21 10 2 10 2
21 10 2 10 2
21 11 2 12 2
21 11 2 12 2
21 11 2 12 2
21 11 2 12 2
21 11 2 12 2
21 11 2 12 2
21 11 2 12 3
21 11 3 12 3
24 19 2 19 2
27 16 3 16 3
